-120 0.00203213 -0.000116109 -0.000334733
-119 0.00246687 -0.00155678 -0.00129655
-118 0.00337002 -0.00354975 -0.00130446
-117 0.000713218 -0.00455194 -0.000488146
-116 0.00202677 -0.00465118 -0.000738067
-115 0.00254132 -0.00466216 -0.0013762
-114 0.00167044 -0.00557116 -0.0010276
-113 0.00154044 -0.00758774 -0.00227872
-112 0.000246391 -0.00693476 -0.00358965
-111 0.000682424 -0.00482837 -0.00257865
-110 0.00234435 -0.00483125 -0.00437308
-109 1.27737e-05 -0.0049963 -0.00552044
-108 0.00120776 -0.00575432 -0.00787408
-107 4.40261e-05 -0.00639789 -0.00695263
-106 0.00107642 -0.00779247 -0.00921694
-105 0.000447482 -0.00896867 -0.00951913
-104 -0.000173646 -0.0103859 -0.0113715
-103 -0.00152128 -0.0115469 -0.0136699
-102 -0.00330239 -0.0132164 -0.0138525
-101 -0.00417557 -0.0141537 -0.0142555
-100 -0.00277476 -0.0151239 -0.0158909
-99 -0.00114201 -0.0127198 -0.0154353
-98 -8.26336e-05 -0.0136374 -0.017456
-97 -0.000676617 -0.0133659 -0.0156684
-96 0.000824927 -0.0135859 -0.0164721
-95 0.000847806 -0.0128342 -0.0151418
-94 0.000810741 -0.0126237 -0.0137568
-93 0.00123108 -0.0128688 -0.0136284
-92 0.00199105 -0.0129084 -0.0126162
-91 0.00172183 -0.01256 -0.0137211
-90 0.00226434 -0.0119745 -0.0148719
-89 0.00316698 -0.0133931 -0.0154238
-88 0.00297813 -0.0138069 -0.017428
-87 0.00301058 -0.0145385 -0.0152382
-86 0.0021574 -0.0153268 -0.0154958
-85 0.00284847 -0.0165612 -0.0148035
-84 0.0030823 -0.0163999 -0.0148554
-83 0.0035663 -0.017103 -0.0133585
-82 0.00300432 -0.0154331 -0.0138223
-81 0.00302958 -0.0146565 -0.0115404
-80 0.00424826 -0.0140424 -0.0119797
-79 0.00300108 -0.0131315 -0.0127903
-78 0.00410401 -0.0123889 -0.011026
-77 0.00460324 -0.0126964 -0.0104513
-76 0.00582754 -0.0130761 -0.0107616
-75 0.0048193 -0.0115796 -0.00955626
-74 0.00523633 -0.0115015 -0.00825198
-73 0.00597394 -0.0120602 -0.0095101
-72 0.00478772 -0.0115576 -0.00954741
-71 0.00691131 -0.0116456 -0.00979691
-70 0.00772366 -0.0126163 -0.00771555
-69 0.00784549 -0.0119372 -0.00962874
-68 0.00842898 -0.0121104 -0.0107654
-67 0.00859557 -0.0126891 -0.0113495
-66 0.00957901 -0.013253 -0.0121337
-65 0.00934942 -0.0146725 -0.0128943
-64 0.0108382 -0.013908 -0.0181254
-63 0.0139405 -0.0159445 -0.0152403
-62 0.0160303 -0.0165532 -0.0157517
-61 0.0144128 -0.0187231 -0.016451
-60 0.015097 -0.0195794 -0.0165035
-59 0.0166479 -0.0194969 -0.0185863
-58 0.0182862 -0.0204378 -0.0196111
-57 0.0181675 -0.0213627 -0.0211378
-56 0.0176944 -0.0220826 -0.0201755
-55 0.0194719 -0.0215736 -0.0194611
-54 0.0169011 -0.0213626 -0.0192452
-53 0.0184518 -0.0220188 -0.0190487
-52 0.0190227 -0.0229384 -0.0174761
-51 0.0181109 -0.0233719 -0.0170373
-50 0.0183867 -0.0245257 -0.0169937
-49 0.0164318 -0.0247323 -0.016515
-48 0.0161705 -0.0251336 -0.0165578
-47 0.0142178 -0.0256958 -0.0168713
-46 0.0128275 -0.0257324 -0.016991
-45 0.0137414 -0.025266 -0.0183778
-44 0.0150542 -0.0249994 -0.0174729
-43 0.0138548 -0.0261586 -0.018905
-42 0.0130354 -0.0268016 -0.0196849
-41 0.0114338 -0.0272402 -0.0212286
-40 0.0120955 -0.0261531 -0.0199412
-39 0.0142466 -0.026159 -0.0198341
-38 0.0144202 -0.0264177 -0.0186874
-37 0.0152559 -0.0254832 -0.0201812
-36 0.0137173 -0.0261427 -0.0197924
-35 0.0130561 -0.0242407 -0.0197357
-34 0.0132819 -0.0224403 -0.0208704
-33 0.0134009 -0.0221586 -0.0193261
-32 0.0161115 -0.0226669 -0.0189382
-31 0.0165324 -0.0234992 -0.0197925
-30 0.0175633 -0.0241242 -0.018537
-29 0.0187332 -0.0225328 -0.0174497
-28 0.0199883 -0.0214403 -0.0156387
-27 0.0214202 -0.0212376 -0.016176
-26 0.0216716 -0.0208828 -0.017313
-25 0.0226179 -0.0217721 -0.0156881
-24 0.0229194 -0.0209277 -0.0152338
-23 0.0240146 -0.0210283 -0.0131116
-22 0.0233793 -0.0207255 -0.0126931
-21 0.0238585 -0.0208556 -0.0138398
-20 0.0244185 -0.0219055 -0.0136127
-19 0.0243565 -0.0214702 -0.014924
-18 0.0242675 -0.0208882 -0.0137646
-17 0.025009 -0.0205679 -0.0137045
-16 0.0278261 -0.0196415 -0.0150189
-15 0.0284118 -0.0174639 -0.0133189
-14 0.0311565 -0.0171659 -0.0131388
-13 0.032098 -0.0160953 -0.0121374
-12 0.0338906 -0.015697 -0.00944296
-11 0.0351075 -0.0150209 -0.00820205
-10 0.0357102 -0.0158449 -0.00815497
-9 0.0362889 -0.0156298 -0.00800688
-8 0.0375547 -0.0158717 -0.0075408
-7 0.0396626 -0.0150294 -0.00564006
-6 0.0381266 -0.0158104 -0.00328903
-5 0.0370706 -0.016332 -0.0047693
-4 0.0360172 -0.0178169 -0.00552232
-3 0.0357205 -0.018424 -0.00524035
-2 0.0353996 -0.0199416 -0.00656979
-1 0.0342189 -0.0235716 -0.00953624
0 0.0359947 -0.0254874 -0.00861539
1 0.0345383 -0.0273423 -0.0112527
2 0.032872 -0.0267613 -0.0109894
3 0.0316202 -0.0289923 -0.0119073
4 0.0293468 -0.0298336 -0.0125502
5 0.0277272 -0.0288357 -0.0138948
6 0.0289322 -0.0290597 -0.0131188
7 0.0274168 -0.0290822 -0.0136241
8 0.0266936 -0.0286869 -0.0149465
9 0.0251439 -0.0286766 -0.0155941
10 0.0262326 -0.0294754 -0.016098
11 0.0283038 -0.0300395 -0.0152082
12 0.0277021 -0.0308451 -0.0166265
13 0.0271721 -0.0294661 -0.016749
14 0.0259844 -0.0294042 -0.0156953
15 0.026642 -0.0282441 -0.0133808
16 0.0255498 -0.0281387 -0.0132454
17 0.0245014 -0.0297747 -0.0143089
18 0.0253821 -0.029797 -0.0137594
19 0.0256651 -0.030178 -0.0113271
20 0.0266784 -0.0300547 -0.0113482
21 0.0252994 -0.0305788 -0.0115114
22 0.0243774 -0.0321702 -0.0126305
23 0.0246849 -0.0318529 -0.0123641
24 0.0239792 -0.031749 -0.0114171
25 0.0248524 -0.0304617 -0.0108227
26 0.0259061 -0.0330795 -0.0112657
27 0.0258527 -0.0342512 -0.0128697
28 0.02558 -0.0336693 -0.0125028
29 0.0254631 -0.0323314 -0.0123779
30 0.025398 -0.0313506 -0.0123608
31 0.0269828 -0.0330342 -0.0122802
32 0.0281842 -0.033789 -0.0121419
33 0.0294081 -0.0359067 -0.0118044
34 0.0298724 -0.0350916 -0.01245
35 0.0287512 -0.033819 -0.0115886
36 0.0285024 -0.0334214 -0.0100455
37 0.0288371 -0.0324261 -0.0103642
38 0.0299743 -0.0314721 -0.00948015
39 0.0334244 -0.0299742 -0.0101211
40 0.0339685 -0.0290172 -0.00989197
41 0.0355125 -0.0278962 -0.00852145
42 0.0355964 -0.0272294 -0.00604693
43 0.0355818 -0.0269082 -0.00572475
44 0.0372191 -0.0269473 -0.00664534
45 0.0379827 -0.0252959 -0.0069738
46 0.0385944 -0.0255063 -0.00643161
47 0.0417896 -0.0246459 -0.00514091
48 0.0423961 -0.0234092 -0.00600132
49 0.04361 -0.0234768 -0.00619558
50 0.0446465 -0.0231637 -0.00683548
51 0.0460305 -0.0216162 -0.00660071
52 0.0457029 -0.022567 -0.00696848
53 0.0445671 -0.0229999 -0.0091754
54 0.0446659 -0.0248918 -0.00974096
55 0.0435923 -0.0247116 -0.0106581
56 0.0422845 -0.0244192 -0.0141112
57 0.0413391 -0.0243814 -0.0134103
58 0.0425346 -0.0249834 -0.0151663
59 0.0410828 -0.0247895 -0.0169968
60 0.0414223 -0.0240225 -0.0191718
61 0.0413839 -0.0246677 -0.0174044
62 0.0413925 -0.0250983 -0.0213405
63 0.0399626 -0.0235819 -0.0188918
64 0.0423703 -0.0187425 -0.0166835
65 0.0436003 -0.0195752 -0.0146969
66 0.0439081 -0.0214683 -0.0133168
67 0.0434268 -0.0197267 -0.0170861
68 0.0436683 -0.0178559 -0.0192911
69 0.0436673 -0.0189538 -0.0196263
70 0.0432477 -0.016469 -0.0187425
71 0.0423629 -0.0163691 -0.0191356
72 0.0424854 -0.0175874 -0.0188384
73 0.0427821 -0.0179539 -0.0201404
74 0.0422326 -0.0178501 -0.0184734
75 0.0448589 -0.0180241 -0.0200757
76 0.0445684 -0.0179791 -0.0193465
77 0.0429389 -0.0187905 -0.020081
78 0.041389 -0.0189473 -0.0196046
79 0.0412934 -0.0190281 -0.0188731
80 0.0401909 -0.0198725 -0.0172083
81 0.0404304 -0.0199547 -0.0178063
82 0.0405076 -0.0191596 -0.017398
83 0.0413699 -0.0200778 -0.0181539
84 0.0405402 -0.0202008 -0.0155723
85 0.0399557 -0.0204217 -0.0159316
86 0.0391179 -0.0212077 -0.0176501
87 0.0379522 -0.020063 -0.0179246
88 0.0386324 -0.0177411 -0.0175548
89 0.0379969 -0.0175409 -0.0174695
90 0.0396616 -0.0176283 -0.0181318
91 0.0378575 -0.0175756 -0.0195411
92 0.0382493 -0.0181793 -0.0183643
93 0.038648 -0.0193763 -0.0173092
94 0.0396752 -0.0197923 -0.0162064
95 0.0401171 -0.0212272 -0.0163693
96 0.0403738 -0.0220725 -0.0180254
97 0.0418181 -0.0225581 -0.0176803
98 0.0419757 -0.0214677 -0.016747
99 0.0429227 -0.0214914 -0.0168636
100 0.0435099 -0.0210548 -0.0157871
101 0.0441892 -0.0207787 -0.0164284
102 0.0447033 -0.0213262 -0.0172142
103 0.043469 -0.0212974 -0.0172626
104 0.0436877 -0.0212862 -0.0160636
105 0.0453672 -0.0213271 -0.0166808
106 0.0446458 -0.0216299 -0.0151685
107 0.045021 -0.0215983 -0.0162885
108 0.0448495 -0.0224666 -0.0175462
109 0.0440573 -0.024237 -0.0193091
110 0.0439653 -0.0255395 -0.0196235
111 0.0436716 -0.0262518 -0.0201554
112 0.0440423 -0.0286403 -0.021052
113 0.0432022 -0.0293095 -0.02082
114 0.0426938 -0.0305328 -0.0224648
115 0.0418906 -0.0302392 -0.0233621
116 0.0423268 -0.0306382 -0.0239102
117 0.0416818 -0.0297209 -0.0250244
118 0.0435105 -0.0294232 -0.0279935
119 0.0437057 -0.029303 -0.0287897
