-120 0.00277267
-119 -0.00116788
-118 0.000295855
-117 0.00102257
-116 -0.00192179
-115 -0.00213155
-114 -0.00708746
-113 -0.00867985
-112 -0.00681955
-111 -0.00555391
-110 -0.00552551
-109 -0.00940817
-108 -0.0108822
-107 -0.0132446
-106 -0.0146591
-105 -0.0161709
-104 -0.0167271
-103 -0.0203987
-102 -0.0231447
-101 -0.0233385
-100 -0.0225513
-99 -0.0250077
-98 -0.0240171
-97 -0.0238236
-96 -0.0237989
-95 -0.0233843
-94 -0.0235373
-93 -0.0252842
-92 -0.0254463
-91 -0.0272719
-90 -0.0259872
-89 -0.0229767
-88 -0.0225829
-87 -0.0190588
-86 -0.0196887
-85 -0.0210134
-84 -0.0207245
-83 -0.0216895
-82 -0.0191231
-81 -0.0174914
-80 -0.0156965
-79 -0.0161858
-78 -0.0162704
-77 -0.0155242
-76 -0.0137533
-75 -0.0126399
-74 -0.0129177
-73 -0.012787
-72 -0.0121673
-71 -0.00983051
-70 -0.00879063
-69 -0.00706469
-68 -0.0083621
-67 -0.00623955
-66 -0.00597259
-65 -0.00802324
-64 -0.00803269
-63 -0.00695063
-62 -0.00523024
-61 -0.00693467
-60 -0.00827161
-59 -0.0107222
-58 -0.0166223
-57 -0.0219419
-56 -0.0198593
-55 -0.0191427
-54 -0.0208767
-53 -0.0222878
-52 -0.0205465
-51 -0.0203551
-50 -0.0212536
-49 -0.0232229
-48 -0.0251117
-47 -0.027411
-46 -0.0279928
-45 -0.0268447
-44 -0.0229342
-43 -0.0256538
-42 -0.0252207
-41 -0.0246659
-40 -0.0227902
-39 -0.0197749
-38 -0.0210442
-37 -0.020064
-36 -0.0171214
-35 -0.0157568
-34 -0.0131915
-33 -0.0118442
-32 -0.013507
-31 -0.0122276
-30 -0.0110912
-29 -0.0075723
-28 -0.00593581
-27 -0.00618474
-26 -0.00572152
-25 -0.0071194
-24 -0.00253413
-23 -0.000623852
-22 -0.00340176
-21 -0.00411077
-20 -0.00309925
-19 -0.00227538
-18 -0.00494609
-17 -0.00223728
-16 -0.000908687
-15 0.00233305
-14 0.00260445
-13 0.00437777
-12 0.00683196
-11 0.00811346
-10 0.00587714
-9 0.00671609
-8 0.0064152
-7 0.0100601
-6 0.00932133
-5 0.00694691
-4 0.00801021
-3 0.00685371
-2 0.00699314
-1 0.00111013
0 -0.00400469
1 -0.00870495
2 -0.00979259
3 -0.0149697
4 -0.0170436
5 -0.0180667
6 -0.018333
7 -0.0213825
8 -0.0207958
9 -0.0225044
10 -0.0223876
11 -0.0205294
12 -0.0243884
13 -0.0227792
14 -0.0215225
15 -0.0186464
16 -0.0183669
17 -0.019677
18 -0.019341
19 -0.0140007
20 -0.0121624
21 -0.0124375
22 -0.0133637
23 -0.0122869
24 -0.011969
25 -0.00979013
26 -0.00887683
27 -0.0102099
28 -0.0103819
29 -0.00978455
30 -0.0109471
31 -0.0106183
32 -0.00923819
33 -0.0138603
34 -0.0153428
35 -0.015888
36 -0.0160688
37 -0.0144607
38 -0.0130218
39 -0.0112255
40 -0.00975644
41 -0.00885798
42 -0.00853466
43 -0.00950485
44 -0.00847198
45 -0.00829148
46 -0.00692773
47 -0.00510802
48 -0.00361466
49 -0.00436482
50 -0.00645783
51 -0.00646856
52 -0.00869191
53 -0.011045
54 -0.0116622
55 -0.0103576
56 -0.0123254
57 -0.00998335
58 -0.0138249
59 -0.0179937
60 -0.0204773
61 -0.0192696
62 -0.0172556
63 -0.0267296
64 -0.0153779
65 -0.0150877
66 -0.0167701
67 -0.0227318
68 -0.0257494
69 -0.0259934
70 -0.0262912
71 -0.0273471
72 -0.0258104
73 -0.0258747
74 -0.0238358
75 -0.0241239
76 -0.021647
77 -0.0245815
78 -0.0246437
79 -0.0249316
80 -0.0254389
81 -0.0281229
82 -0.0302815
83 -0.028222
84 -0.0277703
85 -0.0321006
86 -0.0344575
87 -0.0374708
88 -0.0376338
89 -0.0394169
90 -0.042514
91 -0.0452188
92 -0.0452779
93 -0.0455559
94 -0.0455737
95 -0.0476954
96 -0.0495752
97 -0.0483749
98 -0.0467649
99 -0.0453792
100 -0.0416883
101 -0.0366705
102 -0.0352952
103 -0.035304
104 -0.0331603
105 -0.0318646
106 -0.0301082
107 -0.032017
108 -0.0329724
109 -0.0351472
110 -0.0388195
111 -0.0388468
112 -0.0394749
113 -0.0406744
114 -0.0457087
115 -0.0471026
116 -0.0474769
117 -0.0458293
118 -0.0476556
119 -0.0483446
